151997957647242986
151048305981671096
151016317293726933
151993546100236669
151315470978357221
151875425396905676
151119076962742635
151793682704824035
151817286963805879
151323237896624304
151546505346951484
151741263067300440
151006780320969552
151270972478628442
151584886224480063
151217118801224653
151883217353509007
151240409348562686
151542486954400234
151326061343980750
151989430242793192
151048306396309049
151215010093205587
151701588153369586
151594932201939074
151398491367692322
151579037389439498
151335630288879334
151807677745455734
151885721896856002
151835508913771917
151710934364780775
151572208945431215
151603193544761549
151752868704146138
151515541003207983
151673152355513652
151102609921979409
151908926489796973
151702053949264767
151406242567635984
151706598977320079
151558257911682830
151523813786221022
151782857605132987
151623586957177614
151221038528520656
151507160853992757
151446217061187765
151974145299394209
151073444365753271
151845435293129772
151437082878536687
151500478485332813
151708532185447269
151848035275242374
151226520272338031
151269639481008629
151051093926561587
151788573015547806
151454792017412784
151458444645317955
151810740139532603
151469772293468001
151341959701657895
151346266393275454
151189719658226292
151474671917961330
151020117168105303
151053087982237191
151346040928089163
151120877963954113
151720226401055635
151314866811363452
151705459136604573
151733292842410442
151524289268552501
151941170281014142
151113857935792701
151775364717086310
151071725185835774
151885012083787560
151701604680555101
151225840219718327
151195596310256049
151305037315670038
151408410168531450
151907731001785304
151459499858407757
151409489956572509
151410020601109515
151152661267084332
151366492483314235
151427811273091721
151654677300494010
151035778520477588
151317180852630250
151532402306302900
151595186443868562
151287973057005406

151485761839180484
151400429434937995
151461467998222144
151352190683286929
151530288993922934
151913822434816652
151789697804970006
151732233641202176
151287957818101959
151145568692539434
151830912018770422
151647751027770335
151480172827292965
151532175737161270
151325409411258767
151166855499539635
151426074333336744
151723084600803597
151544875640385718
151567074765721928
151964166925447631
151467955280703990
151903574458445220
151101146691060389
151791078635063435
151926104959876473
151692790569319388
151080041149908386
151040204414866854
151497428127803428
151304879105539510
151235829294612867
151844820529149010
151718444538757751
151582685150180433
151397725060488769
151803696423413866
151497597084894528
151492489244584318
151118215720996672
151988541101660700
151758503265250739
151853025988442436
151218286718963321
151771114508864878
151360911867744672
151081204867048495
151248799382272854
151439613161382994
151856040651693168
151697577755432879
151872514087536931
151916289499768689
151024260224792281
151372150869681278
151987826603669307
151798359822485653
151926058221342162
151549289431780316
151539098514059299
151954733544612352
151377084079782829
151947028809335208
151747971819614105
151440011941558864
151470469457211905
151358012891859190
151394444592126619
151621888811679519
151479036173974053
151279859053416079
151295012199611828
151877089381577464
151877780868452446
151292569496430945
151199722154595589
151397413753669621
151583234004581690
151515048824423896
151306850208110264
151665536153487265
151642616191172614
151932503207239767
151881431307758003
151606205711006042
151415617581786200
151940378547719019
151583329442802541
151476202903555326
151179368986204046
151888718383378022
151829834611070601
151132655083393789
151026436835140210
151247363327796378
151804715190520701
151320460427597392
151076575471293317
151858907861600520
151909390845300064

151448882816224439
151446584268384772
151325948522011423
151608078217776274
151801881952964425
151071361959599848
151993884664760271
151968335737350149
151997026112829866
151278324474754009
151155204876768954
151931513276863241
151437155279980517
151473687218789760
151319720398140587
151174419666883593
151516579763244257
151943458251248637
151143251650602486
151391038157515515
151013470049717594
151451642002603623
151062472649224537
151439993382087166
151972008158549337
151220551225939067
151188235141162111
151824539635012132
151200446752699113
151812440358338467
151352542684868913
151793110051144229
151031766357402432
151692219135472419
151987150658760748
151412375429197635
151815725908599746
151472925903712311
151855364188927407
151567891459326834
151223828771029746
151150503792636812
151736821475114313
151542098190174872
151733791484210688
151649802899623698
151618000138090099
151626640107227141
151486014359292856
151623645701330903
151339884068806567
151212501980093157
151224413812747222
151863764817406088
151042037616376616
151081810936970796
151120426819822511
151328436564514271
151432064213972616
151544753982761277
151715454778792161
151805564629781035
151255598495212646
151426675810694722
151977756903130560
151790403747329221
151448644201623730
151453093282185184
151253358905895082
151593285051674363
151394843867709624
151746951040046438
151431731066535577
151961526436659452
151920293719245206
151774680325069586
151950842062168575
151603290151061845
151905935103267696
151665812289498467
151431160225183294
151547967435703838
151576934728311606
151623487854521581
151240503985645235
151390343061079404
151453986541254194
151085318596183320
151626989995804716
151949740380862027
151959447561723403
151109909659833349
151303740279732083
151201799428200637
151589094563549162
151057704670108704
151826585068247811
151959323016455075
151626585003590392
151924869184421431

151632688047363410
151758372729267407
151402751213725213
151658884507247374
151513497135985261
151532650674220352
151426975326635821
151684005169095825
151267748534274299
151474555995052295
151688452923337598
151199348973979693
151568570449745054
151979827728151352
151258030791672987
151939814285122737
151824846204098880
151079342166369909
151863478383287644
151246253499761471
151097212578288687
151850855319629552
151730592142266183
151960578767436206
151988107593192555
151339272832006156
151808321033840792
151206926660966558
151916277056423375
151492094579341651
151857806408659454
151667914696071174
151359280054532516
151031701546220721
151290445852671019
151925188508686118
151599739163498254
151507909399446527
151063701345841315
151856211792598786
151715763555086379
151433155115160061
151223855569070211
151962012704841711
151254987380169849
151491817655298065
151634611293606078
151382766245537210
151070396080951130
151707566087870727
151055766512280176
151690471262411835
151634923842734212
151304162335578677
151425586567268081
151502026830148172
151107737873084392
151959541329787036
151780946476789927
151868994394493381
151700969091081554
151652237743526310
151043176623205638
151843553984412982
151727538288693906
151930622012001826
151356520672226178
151366879575768439
151454331078308401
151433966034012600
151493203464248801
151730021974649485
151070860344996246
151556080694385621
151033523969680051
151741594553516664
151530966007440808
151586758674711065
151985112153672498
151014308724803540
151156953115579961
151762940762540910
151332775480325666
151650581600328772
151761704924429488
151413451257176668
151347731632379560
151114199976621212
151736900851642312
151808400520568191
151306650784953459
151905707307379588
151201556793391710
151259603337309186
151385780552829521
151264962333065314
151683932290809184
151520727755153747
151248109288426572
151396756929286683